lastAccountName: Pomidorka5657
timestamps:
  login: 1591086573347
  logout: 1591091244062
ipAddress: 95.154.68.128
lastlocation:
  world: world
  x: 13.080567037234902
  y: 70.0
  z: 98.55449569980809
  yaw: 8.780261
  pitch: 55.28507
logoutlocation:
  world: world
  x: 90.69524663946532
  y: 66.0
  z: -2.186065280315941
  yaw: 58.021973
  pitch: 31.894018
