lastAccountName: skeleton4ik1987
timestamps:
  login: 1590739532429
ipAddress: 77.35.222.212
lastlocation:
  world: map
  x: 1399.6125846048574
  y: 5.176759275064237
  z: -1733.1426244196941
  yaw: -0.7878323
  pitch: -80.39996
