world: lobby
x: 191.50819715050767
y: 37.0
z: 176.50369704049788
yaw: 179.84827
pitch: -1.499996
name: help
