world: lobby
x: 206.44482146036103
y: 38.0
z: 195.48577573341765
yaw: 270.14807
pitch: -5.099999
name: shop
