world: lobby
x: 176.65541132623846
y: 38.0
z: 195.50895519892848
yaw: -270.00052
pitch: -2.550002
name: stone
